1287908217537333803325789380932960053909460490672840644955914329572108140174242862542338915834667
1277809370158444084705321878921621791034252618507051016575959099177002380869951380368946442892227
1901365390717854626493756396528416218427695744187078841520854182480650945835000671835034712086437
1537954088167406481442978579727757983626999838006552502887326313908468428287100641541507484566123
962971983373666102228705685300659019329368974314597457546457547770195194157853422265833029680041
1503596711511535798189138537465761215175565926805931502004404716031386096045433010424798633976651
2110186498175766377121525459723575517581125555530311985874460036154101851102976204703628669202597
1077765986433028484554338075420444496753779078229183256647693843116764074421286663612029066208860
1366879005401604912207341580568229482529382774078825149291801636245814602874389470811719260108638
299152623492938846800836773269737353598627997781620913538773192939147612160734698502778079102372
124863275965245281286536163169327386589254356071667566056157789539252040177192641543129436144979
480049819043352073749350115309925302738461524048394262905136285046056635375607527789888070229480
2097278947965283507177673487569306876446294522613019763801198190688674453424263701239356898231491
1836391464048699507277567891796987107814996026058250701823471300588453889564158196665559355005339
731339021258243356202091394550229872253124026718632963110555939444284312568872281489159217702269
1822556477996453233312672112423949284809382012451760701204502998971588811657664846979871959437986
330798925146842183086034203823317328011593576826765117959731812865906524043883720137002599416465
11912023814966702099154210410752107228911385307227856982452480952679806421920530169435967574383
1388248873595016227937244747228269922086580183755627830553201036423576908757109466821045505415473
350030347165750522326961220084512746039261423824409642711233375171715221156965006914011634432017
960660074571434093403522989333898490909964548277371081980607506652269616027318608387919352842335
609069508337123221054161246997065770340195783324260545383757962233555814951141568803481997040038
1488062000012344209777343798290944291496810759105662222391781399005370867092123480339125402476647
172390831251989251819186620467891965948262942670147925105209441429847178714121157376397944380333
586847317741240487475269863037989390228081782282076305995891469779167556316947537861904589158191
2101159510430186173010882849707766860976253504376517887765728674264254978557937906018980030523759
1268758931225240778790371236354539126530639638305363080642573269106407965476480939362874784487356
1604126415628044724326143896127687015327463500640821754733311242288810844147179048887706225596750
2085259121629737309345985830946463595051471060582172430482691336494753302392240782689277943394903
831906733836849428785493118798182813618726550394193898898199970019372503252935344572830033400482
2087131257415693406878139166223576874789560287906360067331597110745094585521866746945213340275202
91610916429580591416842933548667022133912787816178044546327843833167619248948333117256911559843
280946472409292890705172159714875667311507826415923691267798691847197516206457068489726606229179
944800210921412952705752923547941099767780764903907829935917544781601226835549885977182479908419
949038708608158064596369821882438808912577845787752406998707719067912226304317888322467856031517
1934080757537309359355410610618607941580075340606658830285941199494370370633973806676700733476937
1626652298020377759057787569983664340092157457061991815285148380055949479678328014190239139689055
1641676675248017482931465806025604701057118269552014912139478782317683029300774572770877030514120
286226032707948654770208293526309661309472348287177766230892073864593158259131890511467383073115
439889746610956935141715664697684838101744826096409972250997861879506631424481710401124011275629
139500517666309955484956698273247718340857788116674002760558467256869650746105055110202969692296
301673350883417903595635508706823292401637955902758143359118656206900185535400388901150888568999
903050321945597437277348930304322095011636802101499014137711007933030258184833417287127758604614
503651286276719430230372434470270776296106526358885367557377172995900288580053613859819931350805
591520696149756445749752117679861242822593421288375818597417480825230720395513674552155400672109
1467066781554292998927765457139775035509352184910077321156385413688020877788996312089704996258438
2050870353980948017251791797556783461542058139206254645595068315777175571718647956199576644010015
67673431538006520619675371182940735836886098655574671067473992241503762851885168930903073779184
1006185823979432013677101319685934342830590264424288214962164651071561723451896976454080261266860
1274694984656822679099672400565314534737999762523902104716901807537837953416129707503672622721999
381818217806302579044450619725411815897473162938164098495226500471434917621057795660723326169005
1343995894819253699002994064434292873258162601532405275298433446369542981504803472155179779241747
169520109035136006244389793589800211174063051428227356501154619379779429386145735816956334856790
658047588341602999532028553498753836422911034688588940789713947690960528859603865292912100146362
488992206358368813882418044176296329535842928946667276240978695770116847083882870566539006101649
376155916065613577406481675701699479315866559363188230232172366197286426650580016718451197197320
483394218257714088701952351939977700904209013529620025281208136468487818857908306744499900555409
1784592025994297532770837477203653571721798173124123589412825802163930122889723196760890121910972
1138368732049451165374016272337705636882000330266790745509728158250191822480035767391864777278941
190815856028845659563100429268570233528493119490084467046844316629507567008284281256612859940017
49247572717610113588543444694785722528937374663127905271895391587526151835092878023083647198490
976729710879016006734259494105962053147960207349444434945261583936874205007228552664518298931884
610729996386388816648125102730904547118431233878696567419880960757145841762412177135163828362048
945209375222009574122531563652193105033688276935574596957327841278931402664662600535120000870696
252685416875207812471879387060330949193159841763961477925019780350472595506177548725943334085909
1775160221036083558531557566428801251413277887688730960997243774482251464614774007402784689123219
1452595662252303058372810249222504572226679039914181542432258906729677120471179204346382367804127
1518191489946751558724147534620462825314533001066036623201342195968946898813693676310916475904379
422509794789676555791387849319451885041983161835997583255206408838431243806425541097544088130938
1341989567466296349710446061787518132644211034632059849970212019999619067383020813352166822328198
1455767390276942266731785684503044079220186309280488632096396553783227304713352126229906134962275
874328583528883319658412325980613227714855050386734301293066020906796298536955853592431407599400
1646473173802483865059574873450204169781510450049527137744797094340054991814126265730812469381573
1702441436219783777991897623496187394285953395413360640674082905985967937786730094809086913371518
396336596820977233411957679635102303159360497955824697467091751065712622275648395596315943330211
2069701981336374558840806836405021873288973475320621731221471517031554987109799561496881457853412
2004776548721859034558902236010797433488867830252233597809023319147924344098964510979299124308563
1602455168213079321717656337863664486605138195392328705344417220402524241890570590402397532286355
2020337600044050843232068303556381080509490416845813279718717213169834419301476561236836983022085
242658734490658795488284189952521833646240405746474681015501920772124587303764763746110895905846
1706654199873238403376910340034422772441237791627540545783607410547394039861184838969650229905229
1332215018875742739303018525031927404988650748139670820354972856799942879633171882476894617225525
679343874787908361394732715020530925383654209353010942597181291023554547218093142442809761135686
1917637239447812297641459384217785782944210882220120048701276376207468731160499654223479682197176
682888534789873997492199907550114897119394016410818698780355200437362956713470974961840037836197
2052651144837505559955972252631714047760896222655865938265212457000796519639118557555324171745357
384406307300826933045260323922609669415374913689286681350687158440203753972439593334087175782552
277520176968871934844998417525480286985375038403741029826948324634959530118435262775697958671174
1489394675652079166454305103574717039205923948047586522008500619689361165332205214831667517430644
1378216990433621078251690698963927238341762459624048688791169614663382053618532675220504607831459
937935691941559391540173016114471989085823745534299761863060384808176455228009869296693475708411
562949191192088576933385134249761118480127040178322462251792720575234117369513131657378699648442
1858697333641305859881667524705751614261281896233499106184363684935834171000530740216747198457149
1897805689254274311003901178312735981617317818148210696251495322179289209260191683895049698472674
1771537621179005547498576228750029665507973016081729521163307048397877371524858212057583502504256
1712712569284140609027535393309452101505790093589871490151077451771301973032934527879262842717956
253628446334294941673210444157516957627918042529067111608229622923928940472113604050873381506537
1180042727603272680641581256341848759983729918488462324496666856884262367372306491981241950281576
441964480618756920514299840591949463708249414186635459367041366295429826230882005558344474516421
660240764244052264669065481837442177531539074073166193166647177125555483199453999170234096063698
305925644844010849615517188306844237901418002458815277282011502883267510225559135477889304469083
1590895595818224099586804713232342935730434085979307778642833562807636570544275545937109810277868
544762274354929803832351609219434195805138335792707527347088623243371204062234833443125637531207
407470528098685837081727057796390500342708811139804712632522823048234011564744657333108556849771
122528348448164985041458156808776672403341738699171436734476172682334579661945349285815689954298
1583398615788710706201102147641572097169154138952527800050243621187778105902496529880468063336125
259039493081066772488901630453938730884484238382932962692107319805751373998300113338565976957414
173296948784470543321531040997694335978329939460141981333119186082480609306765354224895689936782
2070693156226849236000953154630016768953380029472754475478817690973358504946999610436797178920021
325912352752648644158473234351162074432758968359553534298228168102860893205373394244883465372349
858971943753709769681745616571795878068887553857003299208004094819475113065567802325680689833863
1297135626640390378340608404587067608260432500377728455482305748868993276480330712563349662689241
2125183473647338364979823133378048399832156470224981602702649297850136388478485821031148772102179
1970991012441310746360061008266965602799977028458885907826493890430940425398853503466905699013449
484395626443548509596131558632529136794570130459691991300243867026236237900796673147286977698043
811805659817395844712911718285861658611734052177371339152803674938546577613638000337738624992868
572460268139680344054288082839288298998000855901198887432012500881669815208739046837370603823982
677517567545962878602947905121483796661842629205862270635213050775340034870816830478553332419646
1365106659508202572686164272146074189025456179684893545188569132441228699778499301180057901869572
1349141257645410914605020154452590719938749802458440038102803869099438105368019716793509441426009
1953660638145686771176418940897934125865147206516543587738838086221146730725816710797006315513438
1676792310537901661997438524527946688532064623312029340301723962268167486907848980110146834664113
1532464536504813846595590910743190686777320181453544674868064789498449599225067399236953735121812
1613881933319857125286035793001971470373266319851190601704631750178930377308913990213637701791709
170171787624743223620500243547409557069793423825732576974915535019012415005853269692723522901378
981733633291303138191863936784194372718982472554770814967314670368965744532391675362121303575719
2017524288755860241764260057315167237985279158877782270241031791861096623896839279263085336414491
2054955431648533569012567600376429354530535307197665112445115764851713359311228114187957469496222
2029382819958068249980021911868725019958206751488968223559904718641642718589183806991467643665543
1130724487100903944760024587361998866761563366943488182955617409505945948557845653819377379330528
206681297979334014931817828760107393165515234383719853186064515117686165716065458100536842091172
1769994268214836423498428199678411263251374382151556015928753354335432183681298102847010509655527
1039063553657383225027429018091403361742072053488817246127424296810281247868567129845807602387760
249654218769458803396321236380025046296103627847655116643965241462976203921311618109381789765931
261311475534544646618296241519997551925780597639170595643821921959040068640672988593894373556057
35297118415983127842724489126855257464221258619417130052216356140493112138766738547712100899880
959193759791785676107083550129855925164138068849081894291880905692663613538337748429277586400719
2044071544068171567652339181103401587318449030309693157475086350970908168573613627628794171457696
681419876053373614385849079395548192218472091116615315513655994443830503866874151414695886227826
1326363894227407070305858677113762787853005267337812577249500964432214449815938960464826782915212
427409470676597153185106586866256460611880767350169600819168969415598409109205734736116647106949
498171382554490851343842776586843878895942589515703703993198851939466136893203553588060570060744
1855239745685504357130908046508933881505925936833819764067612511208672990725308637778349484059091
568702793360103708115761954734097336303589738182237891668615121586106722534616402820484937858647
321815394910077598727519091369462730981721762193564579901938199363093674982043031324688008511020
1099589852982106770107116991133785119129128548703428437544518462555550462569183001533941570644690
2131978258872121485814721807601279525007982846299538766947040870718247435445306981447280001512454
2052380123085529707095960412978359043054763687053670802239753458705491677616735606533334568663471
1704890803307152187087126417962378050700784670779271900768311555135122524730513401280707409829526
2119035985174715404028650198162114707605261792908015032718782269253995509275117840551673395660071
547300255372570367884562112340081516465690691518990647717915780119688990316519091321059168865494
616454549696075868027801927648778911885403918087444752570997888483186228192400179451211174661179
545632784563657445292084549229472605352548183483968979457351054646205594872640769046833922472720
1670441727106573416400811527251975414734136698714195985421915718840281789922375379272154638713004
154028245723809345653703963730240278410569690939409027539323134698757166579536876320366925893817
821954481133985711719938774816803323035958000070557585888677719200479258923276592602525655455412
1848091061246654836275367194167783611640111464034363705148040358523663762344596285108871265574928
1649080985451566410005975398454601333580464956084614682044984414539556136423419823075269087354467
1288395399204960223370035904890634587375683798203687815697443134979265423558992612394560039201989
1530668459653779894216028286646107341289278194387880239145524020298428052340087251395236618929764
773913252488742309629455275426743265583120912167255107369237887288191672228563267404122876880123
1414032870312516611781818812561862550259475834870959259023803800269244634262920036707989285628670
884167524664759020672105439771513329904619927317237667710531519231101927615274825325733232516259
499121926501581807483567619456133938093557936840285952882069646374634315897736692324732975965277
1797838655657860310485491329308366053527644780879134077362005708253118539756056189529428976055067
873112219649759832538187755791409950962195930171490176416741628640673837658896117921749786254225
768251944411029875582786041308162882883580803912132141626513962720101725991709489440356014889117
756556644585673929273119588201921265072615413624676516390414669965181232505158684457523319063148
122497003745670507741512522709071808085505456520817510391249534395100857731671887168752811997179
460337857775674986147157616739084251553937252730882343497138388518778514801093346756635131230134
1569761813621583085277351194725091088321923470739876197220528741366289207053224825253951555720120
1094136969708855570670221808236232761235574331594162601318798247452164149036219304585765338594511
51851737420615453700976318184953685842975183991524353686884889862981717443984750765572902632548
190564943333132670143599155658943543688343705183298680533450718147648802758275558929359248770774
1626167433492554196805966426130081148813513770264557771143631411057384247772391451611851474235030
400911967434661126393664325662372092156426757403523515082040881007274779378327433774080743523043
972729801175240677136927739717138879916146946796351146911521619857181907217144791210421085080981
828458458770163561854306657140728529693257375702874234034721088390551131229595405006698023575005
963551747105605315855346120043783577491587423045438230930866909061184527252954715663782248091097
1402337825036690368230017272953380122513705011698634435866859500869371598743559576006605897877650
2054289765365171575830129465650657908575249400396867159662207585662941105693369262253726908793590
1136328671185375861981538028186751963792503239465119543929266510035531101085766760977954343223899
1955573311387590378410074293979090815183300506831539517739184164837855376719157507335325613896475
933885330314579525997779476610451781977836099181302150537577375957547537233593520887801004947213
1556144252732169566804429900059521414486803295242206342259715853235948291852276848897270115479821
70312791677351803020369641385080457279150836978735777249751576532837684181832674164261688578747
1567182668497040687188309627620222450722758235272358682609464654290688099447588731437011650748081
622339939664403168374946563042811705813171929255126866458869228817745251498124292101379405258495
541856781905882240896828774632412167890443933229572781559821890873058407655211079164460266421649
189073983521729091766156069814281232616091923842487767839574623112532357692597813540784547212957
1070914614429773088683033341829463255246340744918371577740220340440751917299565359888880438936600
1075623845862904858675900324367865443702687898484868179882829387780124211361887889829411332224795
1219966273848316058295896369246275154621836572833109376390705908049426936320510893499736656006632
1842576781992397401068394822838472632147122336865692299906572493131043772513582963516492761152444
363695234355944197047595199653447728261430780422299086596734819489925205993087498361603301523694
49686103379003884217223115306895172113276213253190908995713174082967065445581732272798053285858
55585884299423103365275530875220083304916087961283526640422002339671275287281562219192349907189
695410069869047182941279316363498740634744309733705141281645302178196136748223159304864819222480
190529935734278496232040818370265931777196493084852618107790013139312539889899003209809204364691
1414624286256979118085953601148144975335120305107373889366181266526021575012046505814282943176409
